4294967294,0
4294967278,16
4294967278,15
4294967278,14
4294967278,13
4294967278,12
4294967278,11
4294967278,10
4294967278,9
4294967278,36
4294967278,35
4294967278,34
4294967278,33
4294967278,32
4294967278,31
4294967278,30
4294967278,29
4294967278,28
4294967278,27
4294967278,26
4294967278,25
4294967278,24
4294967278,23
4294967278,22
4294967278,21
4294967278,20
4294967278,19
4294967278,18
4294967278,17
4294967279,22
4294967279,21
4294967279,19
4294967279,18
4294967279,17
4294967279,15
4294967279,14
4294967279,13
4294967279,11
4294967278,251
4294967279,339
4294967278,249
4294967278,247
4294967278,245
4294967278,243
4294967278,241
4294967278,239
4294967279,338
4294967279,337
4294967279,260
4294967279,0
4294967294,36
4294967294,25
4294967278,231
4294967278,229
4294967294,22
4294967294,17
4294967294,39
4294967294,42
4294967294,67
4294967294,99
4294967294,76
4294967294,41
4294967294,424
4294967294,43
4294967294,416
4294967294,51
4294967294,52
4294967294,469
4294967294,953
4294967294,26
4294967294,971
4294967278,132
4294967278,131
4294967278,130
4294967278,129
4294967278,128
4294967278,127
4294967278,126
4294967278,125
4294967278,124
4294967278,123
4294967278,122
4294967278,121
4294967278,120
4294967278,119
4294967278,118
4294967278,117
4294967278,116
4294967278,115
4294967278,114
4294967278,113
4294967278,112
4294967278,111
4294967278,110
4294967278,109
4294967278,108
4294967278,103
4294967278,215
4294967278,102
4294967278,101
4294967278,100
4294967278,99
4294967278,98
4294967278,97
4294967278,96
4294967278,95
4294967278,94
4294967278,93
4294967278,92
4294967278,91
4294967278,90
4294967278,89
4294967278,87
4294967278,86
4294967278,85
4294967278,84
4294967278,83
4294967278,82
4294967278,81
4294967278,80
4294967278,79
4294967278,78
4294967278,77
4294967278,76
4294967278,75
4294967278,74
4294967278,73
4294967278,72
4294967278,71
4294967278,70
4294967278,69
4294967278,68
4294967278,67
4294967278,66
4294967278,65
4294967278,64
4294967278,63
4294967278,62
4294967278,61
4294967278,60
4294967278,59
4294967278,58
4294967278,57
4294967278,0
4294967278,260
4294967278,56
4294967278,55
4294967278,54
4294967278,53
4294967278,52
4294967278,51
4294967278,50
4294967278,49
4294967278,48
4294967278,47
4294967278,46
4294967278,45
4294967278,44
4294967278,43
4294967278,42
4294967278,41
4294967278,40
4294967278,39
4294967278,38
4294967278,37
4294967279,20
4294967279,281
4294967279,16
4294967279,12
4294967279,10
4294967279,9
4294967279,8
4294967279,7
4294967279,6
4294967279,5
4294967279,4
4294967278,107
4294967278,225
4294967294,92
4294967294,88
4294967278,106
4294967278,223
4294967278,105
4294967278,221
4294967294,81
4294967294,82
4294967294,68
4294967294,11
0,5
4294967278,104
4294967278,219
4294967294,7
4294967294,6
4294967278,527
4294967279,336
36,7
36,6
36,5
36,4
36,3
36,2
36,1
4294967279,335
4294967278,526
4294967279,334
4294967278,525
4294967279,333
4294967278,524
4294967279,332
4294967278,523
35,6
35,5
35,4
35,3
35,2
35,1
4294967279,331
4294967279,330
4294967278,522
4294967279,329
4294967278,521
4294967279,328
4294967279,327
4294967278,520
4294967279,326
4294967279,325
4294967278,519
34,5
34,4
34,3
34,2
34,1
4294967279,324
4294967278,518
4294967278,517
4294967279,323
4294967278,516
4294967279,322
4294967279,321
4294967278,515
33,9
33,8
33,7
33,6
33,5
33,4
33,3
33,2
33,1
4294967279,320
4294967278,514
4294967279,319
4294967278,513
4294967279,318
4294967278,512
32,5
32,4
32,3
32,2
32,1
4294967278,319
4294967279,317
4294967278,318
4294967279,316
4294967279,315
31,7
31,6
31,5
31,4
31,3
31,2
31,1
4294967279,314
4294967279,313
4294967278,317
4294967279,312
4294967279,311
4294967278,316
4294967279,310
4294967278,315
30,6
30,5
30,4
30,3
30,2
30,1
4294967278,314
4294967294,472
4294967279,309
29,5
29,4
29,3
29,2
29,1
4294967278,313
4294967278,312
4294967278,311
4294967278,310
28,5
28,4
4294967278,309
28,3
28,2
28,1
4294967278,308
4294967278,307
4294967279,308
4294967278,306
27,7
4294967279,307
27,6
4294967278,305
27,5
4294967279,306
27,4
4294967278,304
27,3
27,2
27,1
4294967278,303
